,id,uid,x,y,rw,rh,iw,ih,size,imgpath,orig_y,prev_rec_y,chg_in_y
0,cv1_326,326,350,79,449,57,57,453,25593,./img/img_cv1_326.jpg,79,,
0,cv1_349,349,449,84,47,48,52,51,2256,./img/img_cv1_349.jpg,84,79,5
0,cv1_348,348,404,85,50,45,47,54,2250,./img/img_cv1_348.jpg,85,84,1
0,cv1_347,347,351,86,53,47,49,57,2491,./img/img_cv1_347.jpg,86,85,1
0,cv1_346,346,703,91,76,26,26,80,1976,./img/img_cv1_346.jpg,91,86,5
0,cv1_345,345,554,92,66,26,26,70,1716,./img/img_cv1_345.jpg,92,91,1
0,cv1_343,343,645,92,52,25,25,56,1300,./img/img_cv1_343.jpg,92,92,0
0,cv1_342,342,519,93,31,11,11,35,341,./img/img_cv1_342.jpg,93,92,1
0,cv1_341,341,622,93,22,24,28,26,528,./img/img_cv1_341.jpg,93,93,0
0,cv1_338,338,369,98,40,23,25,44,920,./img/img_cv1_338.jpg,98,93,5
0,cv1_322,322,598,105,11,10,12,15,110,./img/img_cv1_322.jpg,105,98,7
0,cv1_333,333,519,106,31,13,13,35,403,./img/img_cv1_333.jpg,106,105,1
0,cv1_332,332,700,106,17,11,13,21,187,./img/img_cv1_332.jpg,106,106,0
0,cv1_331,331,770,106,22,21,23,26,462,./img/img_cv1_331.jpg,106,106,0
0,cv1_329,329,441,108,38,12,12,42,456,./img/img_cv1_329.jpg,108,106,2
0,cv1_321,321,509,170,63,22,22,67,1386,./img/img_cv1_321.jpg,170,108,62
0,cv1_318,318,592,170,79,22,22,83,1738,./img/img_cv1_318.jpg,170,170,0
0,cv1_317,317,691,170,30,21,23,34,630,./img/img_cv1_317.jpg,170,170,0
0,cv1_315,315,427,171,63,22,22,67,1386,./img/img_cv1_315.jpg,171,170,1
0,cv1_314,314,361,201,112,23,23,116,2576,./img/img_cv1_314.jpg,201,171,30
0,cv1_309,309,492,201,124,23,23,128,2852,./img/img_cv1_309.jpg,201,201,0
0,cv1_308,308,642,201,28,22,24,32,616,./img/img_cv1_308.jpg,201,201,0
0,cv1_306,306,707,201,80,22,22,84,1760,./img/img_cv1_306.jpg,201,201,0
0,cv1_304,304,475,232,46,22,22,50,1012,./img/img_cv1_304.jpg,232,201,31
0,cv1_301,301,529,232,59,22,22,63,1298,./img/img_cv1_301.jpg,232,232,0
0,cv1_299,299,595,232,71,22,22,75,1562,./img/img_cv1_299.jpg,232,232,0
0,cv1_295,295,259,295,96,23,23,100,2208,./img/img_cv1_295.jpg,295,232,63
0,cv1_289,289,375,295,129,24,24,133,3096,./img/img_cv1_289.jpg,295,295,0
0,cv1_281,281,524,296,196,24,24,200,4704,./img/img_cv1_281.jpg,296,295,1
0,cv1_277,277,740,298,129,23,23,133,2967,./img/img_cv1_277.jpg,298,296,2
0,cv1_280,280,744,300,18,13,15,22,234,./img/img_cv1_280.jpg,300,298,2
0,cv1_288,288,693,301,22,9,9,26,198,./img/img_cv1_288.jpg,301,300,1
0,cv1_285,285,528,304,22,9,9,26,198,./img/img_cv1_285.jpg,304,301,3
0,cv1_274,274,258,360,97,26,26,101,2522,./img/img_cv1_274.jpg,360,304,56
0,cv1_273,273,374,361,43,26,28,47,1118,./img/img_cv1_273.jpg,361,360,1
0,cv1_270,270,441,362,96,25,25,100,2400,./img/img_cv1_270.jpg,362,361,1
0,cv1_268,268,259,427,13,23,29,17,299,./img/img_cv1_268.jpg,427,362,65
0,cv1_267,267,288,427,8,23,33,12,184,./img/img_cv1_267.jpg,427,427,0
0,cv1_265,265,312,427,38,24,26,42,912,./img/img_cv1_265.jpg,427,427,0
0,cv1_264,264,360,429,38,24,26,42,912,./img/img_cv1_264.jpg,429,427,2
0,cv1_263,263,409,429,50,24,24,54,1200,./img/img_cv1_263.jpg,429,429,0
0,cv1_261,261,470,430,47,24,26,51,1128,./img/img_cv1_261.jpg,430,429,1
0,cv1_259,259,543,431,49,24,24,53,1176,./img/img_cv1_259.jpg,431,430,1
0,cv1_258,258,631,432,65,25,25,69,1625,./img/img_cv1_258.jpg,432,431,1
0,cv1_257,257,288,461,8,22,32,12,176,./img/img_cv1_257.jpg,461,432,29
0,cv1_256,256,313,461,50,24,24,54,1200,./img/img_cv1_256.jpg,461,461,0
0,cv1_254,254,373,462,38,24,26,42,912,./img/img_cv1_254.jpg,462,461,1
0,cv1_253,253,422,463,25,23,25,29,575,./img/img_cv1_253.jpg,463,462,1
0,cv1_252,252,458,464,50,24,24,54,1200,./img/img_cv1_252.jpg,464,463,1
0,cv1_250,250,543,465,49,24,24,53,1176,./img/img_cv1_250.jpg,465,464,1
0,cv1_249,249,631,466,21,24,28,25,504,./img/img_cv1_249.jpg,466,465,1
0,cv1_248,248,657,466,39,24,26,43,936,./img/img_cv1_248.jpg,466,466,0
0,cv1_247,247,289,494,8,23,33,12,184,./img/img_cv1_247.jpg,494,466,28
0,cv1_246,246,313,494,51,24,24,55,1224,./img/img_cv1_246.jpg,494,494,0
0,cv1_244,244,374,495,37,24,26,41,888,./img/img_cv1_244.jpg,495,494,1
0,cv1_243,243,423,496,25,23,25,29,575,./img/img_cv1_243.jpg,496,495,1
0,cv1_242,242,459,497,49,24,24,53,1176,./img/img_cv1_242.jpg,497,496,1
0,cv1_240,240,543,498,49,24,24,53,1176,./img/img_cv1_240.jpg,498,497,1
0,cv1_239,239,631,500,22,23,27,26,506,./img/img_cv1_239.jpg,500,498,2
0,cv1_238,238,657,500,39,23,25,43,897,./img/img_cv1_238.jpg,500,500,0
0,cv1_237,237,323,561,14,23,29,18,322,./img/img_cv1_237.jpg,561,500,61
0,cv1_235,235,349,561,61,24,24,65,1464,./img/img_cv1_235.jpg,561,561,0
0,cv1_234,234,384,594,98,25,25,102,2450,./img/img_cv1_234.jpg,594,561,33
0,cv1_233,233,626,598,59,24,24,63,1416,./img/img_cv1_233.jpg,598,594,4
0,cv1_232,232,385,626,24,23,25,28,552,./img/img_cv1_232.jpg,626,598,28
0,cv1_231,231,420,626,62,24,24,66,1488,./img/img_cv1_231.jpg,626,626,0
0,cv1_230,230,493,627,37,24,26,41,888,./img/img_cv1_230.jpg,627,626,1
0,cv1_229,229,653,631,32,23,25,36,736,./img/img_cv1_229.jpg,631,627,4
0,cv1_225,225,384,658,62,25,25,66,1550,./img/img_cv1_225.jpg,658,631,27
0,cv1_222,222,626,662,60,26,26,64,1560,./img/img_cv1_222.jpg,662,658,4
0,cv1_221,221,384,690,73,24,24,77,1752,./img/img_cv1_221.jpg,690,662,28
0,cv1_220,220,626,694,59,24,24,63,1416,./img/img_cv1_220.jpg,694,690,4
0,cv1_219,219,384,724,194,24,24,198,4656,./img/img_cv1_219.jpg,724,694,30
0,cv1_218,218,660,727,25,23,25,29,575,./img/img_cv1_218.jpg,727,724,3
0,cv1_217,217,299,753,49,23,23,53,1127,./img/img_cv1_217.jpg,753,727,26
0,cv1_215,215,359,754,73,23,23,77,1679,./img/img_cv1_215.jpg,754,753,1
0,cv1_214,214,517,759,191,24,24,195,4584,./img/img_cv1_214.jpg,759,754,5
0,cv1_213,213,299,785,110,24,24,114,2640,./img/img_cv1_213.jpg,785,759,26
0,cv1_212,212,420,786,73,24,24,77,1752,./img/img_cv1_212.jpg,786,785,1
0,cv1_211,211,300,817,48,23,23,52,1104,./img/img_cv1_211.jpg,817,786,31
0,cv1_209,209,359,817,74,24,24,78,1776,./img/img_cv1_209.jpg,817,817,0
0,cv1_208,208,300,849,48,23,23,52,1104,./img/img_cv1_208.jpg,849,817,32
0,cv1_207,207,359,849,58,24,24,62,1392,./img/img_cv1_207.jpg,849,849,0
0,cv1_206,206,432,850,49,24,24,53,1176,./img/img_cv1_206.jpg,850,849,1
0,cv1_205,205,300,881,44,23,25,48,1012,./img/img_cv1_205.jpg,881,850,31
0,cv1_204,204,371,882,171,24,24,175,4104,./img/img_cv1_204.jpg,882,881,1
0,cv1_203,203,300,913,32,22,24,36,704,./img/img_cv1_203.jpg,913,882,31
0,cv1_201,201,347,913,194,25,25,198,4850,./img/img_cv1_201.jpg,913,913,0
0,cv1_198,198,300,945,108,24,24,112,2592,./img/img_cv1_198.jpg,945,913,32
0,cv1_196,196,419,946,98,23,23,102,2254,./img/img_cv1_196.jpg,946,945,1
0,cv1_195,195,298,977,25,23,25,29,575,./img/img_cv1_195.jpg,977,946,31
0,cv1_193,193,334,977,111,24,24,115,2664,./img/img_cv1_193.jpg,977,977,0
0,cv1_190,190,455,978,98,24,24,102,2352,./img/img_cv1_190.jpg,978,977,1
0,cv1_188,188,298,1009,45,23,25,49,1035,./img/img_cv1_188.jpg,1009,978,31
0,cv1_187,187,359,1009,74,23,23,78,1702,./img/img_cv1_187.jpg,1009,1009,0
0,cv1_182,182,298,1041,93,23,23,97,2139,./img/img_cv1_182.jpg,1041,1009,32
0,cv1_181,181,407,1041,122,24,24,126,2928,./img/img_cv1_181.jpg,1041,1041,0
0,cv1_183,183,337,1050,18,9,11,22,162,./img/img_cv1_183.jpg,1050,1041,9
0,cv1_177,177,297,1073,95,23,23,99,2185,./img/img_cv1_177.jpg,1073,1050,23
0,cv1_176,176,407,1073,50,23,23,54,1150,./img/img_cv1_176.jpg,1073,1073,0
0,cv1_175,175,383,1137,73,24,24,77,1752,./img/img_cv1_175.jpg,1137,1073,64
0,cv1_174,174,649,1138,32,23,25,36,736,./img/img_cv1_174.jpg,1138,1137,1
0,cv1_171,171,356,1203,369,86,86,373,31734,./img/img_cv1_171.jpg,1203,1138,65
0,cv1_170,170,735,1205,57,83,87,61,4731,./img/img_cv1_170.jpg,1205,1203,2
0,cv1_173,173,465,1206,13,80,104,17,1040,./img/img_cv1_173.jpg,1206,1205,1
0,cv1_172,172,660,1206,13,79,103,17,1027,./img/img_cv1_172.jpg,1206,1206,0
0,cv1_165,165,570,1327,62,23,23,66,1426,./img/img_cv1_165.jpg,1327,1206,121
0,cv1_162,162,651,1327,61,22,22,65,1342,./img/img_cv1_162.jpg,1327,1327,0
0,cv1_160,160,731,1327,25,22,24,29,550,./img/img_cv1_160.jpg,1327,1327,0
0,cv1_156,156,407,1328,62,24,24,66,1488,./img/img_cv1_156.jpg,1328,1327,1
0,cv1_152,152,488,1328,63,24,24,67,1512,./img/img_cv1_152.jpg,1328,1328,0
0,cv1_150,150,619,1359,62,24,24,66,1488,./img/img_cv1_150.jpg,1359,1328,31
0,cv1_144,144,700,1359,156,24,24,160,3744,./img/img_cv1_144.jpg,1359,1359,0
0,cv1_139,139,275,1360,113,24,24,117,2712,./img/img_cv1_139.jpg,1360,1359,1
0,cv1_129,129,488,1360,112,26,26,116,2912,./img/img_cv1_129.jpg,1360,1360,0
0,cv1_126,126,406,1361,64,25,25,68,1600,./img/img_cv1_126.jpg,1361,1360,1
0,cv1_149,149,786,1365,18,10,12,22,180,./img/img_cv1_149.jpg,1365,1361,4
0,cv1_128,128,431,1366,13,14,18,17,182,./img/img_cv1_128.jpg,1366,1365,1
0,cv1_125,125,699,1424,24,23,25,28,552,./img/img_cv1_125.jpg,1424,1366,58
0,cv1_124,124,719,1424,36,23,25,40,828,./img/img_cv1_124.jpg,1424,1424,0
0,cv1_123,123,779,1424,29,22,24,33,638,./img/img_cv1_123.jpg,1424,1424,0
0,cv1_121,121,503,1425,63,25,25,67,1575,./img/img_cv1_121.jpg,1425,1424,1
0,cv1_117,117,306,1426,112,24,24,116,2688,./img/img_cv1_117.jpg,1426,1425,1
0,cv1_115,115,437,1427,42,25,27,46,1050,./img/img_cv1_115.jpg,1427,1426,1
0,cv1_119,119,326,1432,19,10,12,23,190,./img/img_cv1_119.jpg,1432,1427,5
0,cv1_112,112,795,1490,78,25,25,82,1950,./img/img_cv1_112.jpg,1490,1432,58
0,cv1_110,110,666,1491,111,25,25,115,2775,./img/img_cv1_110.jpg,1491,1490,1
0,cv1_106,106,584,1492,63,25,25,67,1575,./img/img_cv1_106.jpg,1492,1491,1
0,cv1_98,98,254,1493,163,25,25,167,4075,./img/img_cv1_98.jpg,1493,1492,1
0,cv1_95,95,436,1493,130,25,25,134,3250,./img/img_cv1_95.jpg,1493,1493,0
0,cv1_114,114,800,1495,12,14,18,16,168,./img/img_cv1_114.jpg,1495,1493,2
0,cv1_94,94,779,1523,61,23,23,65,1403,./img/img_cv1_94.jpg,1523,1495,28
0,cv1_92,92,633,1524,75,24,24,79,1800,./img/img_cv1_92.jpg,1524,1523,1
0,cv1_91,91,287,1525,96,24,24,100,2304,./img/img_cv1_91.jpg,1525,1524,1
0,cv1_88,88,485,1525,128,26,26,132,3328,./img/img_cv1_88.jpg,1525,1525,0
0,cv1_86,86,402,1526,63,23,23,67,1449,./img/img_cv1_86.jpg,1526,1525,1
0,cv1_90,90,489,1530,18,14,16,22,252,./img/img_cv1_90.jpg,1530,1526,4
0,cv1_83,83,287,1595,586,19,19,590,11134,./img/img_cv1_83.jpg,1595,1530,65
0,cv1_80,80,282,1624,43,23,25,47,989,./img/img_cv1_80.jpg,1624,1595,29
0,cv1_78,78,453,1625,71,24,24,75,1704,./img/img_cv1_78.jpg,1625,1624,1
0,cv1_75,75,540,1625,112,24,24,116,2688,./img/img_cv1_75.jpg,1625,1625,0
0,cv1_72,72,668,1625,69,24,24,73,1656,./img/img_cv1_72.jpg,1625,1625,0
0,cv1_67,67,339,1630,100,19,19,104,1900,./img/img_cv1_67.jpg,1630,1625,5
0,cv1_64,64,282,1655,57,24,24,61,1368,./img/img_cv1_64.jpg,1655,1630,25
0,cv1_61,61,354,1655,56,24,24,60,1344,./img/img_cv1_61.jpg,1655,1655,0
0,cv1_60,60,426,1656,54,24,24,58,1296,./img/img_cv1_60.jpg,1656,1655,1
0,cv1_59,59,552,1657,29,25,27,33,725,./img/img_cv1_59.jpg,1657,1656,1
0,cv1_56,56,595,1657,114,26,26,118,2964,./img/img_cv1_56.jpg,1657,1657,0
0,cv1_55,55,723,1658,42,24,26,46,1008,./img/img_cv1_55.jpg,1658,1657,1
0,cv1_54,54,779,1658,57,25,25,61,1425,./img/img_cv1_54.jpg,1658,1658,0
0,cv1_53,53,495,1663,43,19,19,47,817,./img/img_cv1_53.jpg,1663,1658,5
0,cv1_50,50,282,1687,195,26,26,199,5070,./img/img_cv1_50.jpg,1687,1663,24
0,cv1_47,47,495,1689,171,26,26,175,4446,./img/img_cv1_47.jpg,1689,1687,2
0,cv1_45,45,736,1691,81,26,26,85,2106,./img/img_cv1_45.jpg,1691,1689,2
0,cv1_42,42,680,1698,42,19,19,46,798,./img/img_cv1_42.jpg,1698,1691,7
0,cv1_37,37,286,1723,586,22,22,590,12892,./img/img_cv1_37.jpg,1723,1698,25
0,cv1_31,31,335,1784,47,24,26,51,1128,./img/img_cv1_31.jpg,1784,1723,61
0,cv1_29,29,400,1785,64,24,24,68,1536,./img/img_cv1_29.jpg,1785,1784,1
0,cv1_26,26,482,1785,47,24,26,51,1128,./img/img_cv1_26.jpg,1785,1785,0
0,cv1_18,18,548,1786,145,24,24,149,3480,./img/img_cv1_18.jpg,1786,1785,1
0,cv1_16,16,711,1786,64,24,24,68,1536,./img/img_cv1_16.jpg,1786,1786,0
0,cv1_11,11,727,1846,110,20,20,114,2200,./img/img_cv1_11.jpg,1846,1786,60
0,cv1_10,10,270,1847,79,21,21,83,1659,./img/img_cv1_10.jpg,1847,1846,1
0,cv1_9,9,368,1847,58,21,21,62,1218,./img/img_cv1_9.jpg,1847,1847,0
0,cv1_7,7,450,1847,62,22,22,66,1364,./img/img_cv1_7.jpg,1847,1847,0
0,cv1_6,6,532,1847,29,21,23,33,609,./img/img_cv1_6.jpg,1847,1847,0
0,cv1_4,4,580,1847,79,21,21,83,1659,./img/img_cv1_4.jpg,1847,1847,0
0,cv1_3,3,678,1847,29,20,22,33,580,./img/img_cv1_3.jpg,1847,1847,0
