,id,uid,x,y,rw,rh,iw,ih,size,imgpath,orig_y,prev_rec_y,chg_in_y
0,ik2_364,364,1022,238.0,16,11,13,20,176,./img/img_ik2_364.jpg,238,,
0,ik2_360,360,1021,262.0,20,12,14,24,240,./img/img_ik2_360.jpg,262,238.0,24.0
0,ik2_354,354,1036,286.0,9,10,14,13,90,./img/img_ik2_354.jpg,286,262.0,24.0
0,ik2_346,346,1042,368.0,5,9,15,9,45,./img/img_ik2_346.jpg,368,286.0,82.0
0,ik2_339,339,567,383.0,396,159,159,400,62964,./img/img_ik2_339.jpg,383,368.0,15.0
0,ik2_344,344,758,386.0,203,54,54,207,10962,./img/img_ik2_344.jpg,386,383.0,3.0
0,ik2_343,343,569,396.0,185,60,60,189,11100,./img/img_ik2_343.jpg,396,386.0,10.0
0,ik2_342,342,573,399.0,384,132,132,388,50688,./img/img_ik2_342.jpg,399,396.0,3.0
0,ik2_326,326,673,431.0,250,67,67,254,16750,./img/img_ik2_326.jpg,431,399.0,32.0
0,ik2_329,329,833,435.0,88,54,56,92,4752,./img/img_ik2_329.jpg,435,431.0,4.0
0,ik2_328,328,766,438.0,59,55,57,63,3245,./img/img_ik2_328.jpg,438,435.0,3.0
0,ik2_320,320,622,442.0,38,57,63,42,2166,./img/img_ik2_320.jpg,442,438.0,4.0
0,ik2_327,327,674,442.0,82,53,55,86,4346,./img/img_ik2_327.jpg,442,442.0,0.0
0,ik2_321,321,624,445.0,34,51,57,38,1734,./img/img_ik2_321.jpg,445,442.0,3.0
0,ik2_315,315,869,459.0,7,10,14,11,70,./img/img_ik2_315.jpg,459,445.0,14.0
0,ik2_341,341,729,475.0,232,62,62,236,14384,./img/img_ik2_341.jpg,475,459.0,16.0
0,ik2_340,340,569,487.0,162,52,52,166,8424,./img/img_ik2_340.jpg,487,475.0,12.0
0,ik2_292,292,628,672.0,54,24,24,58,1296,./img/img_ik2_292.jpg,672,487.0,185.0
0,ik2_287,287,695,672.0,258,52,52,262,13416,./img/img_ik2_287.jpg,672,672.0,0.0
0,ik2_285,285,487,676.0,92,22,22,96,2024,./img/img_ik2_285.jpg,676,672.0,4.0
0,ik2_283,283,592,678.0,24,18,20,28,432,./img/img_ik2_283.jpg,678,676.0,2.0
0,ik2_278,278,695,697.0,95,25,25,99,2375,./img/img_ik2_278.jpg,698,678.0,19.0
0,ik2_281,281,967,697.0,26,22,24,30,572,./img/img_ik2_281.jpg,697,697.0,0.0
0,ik2_277,277,487,701.0,52,22,22,56,1144,./img/img_ik2_277.jpg,701,697.0,4.0
0,ik2_274,274,551,701.0,14,22,28,18,308,./img/img_ik2_274.jpg,702,701.0,0.0
0,ik2_275,275,578,701.0,103,22,22,107,2266,./img/img_ik2_275.jpg,701,701.0,0.0
0,ik2_267,267,487,726.0,181,24,24,185,4344,./img/img_ik2_267.jpg,726,701.0,25.0
0,ik2_262,262,657,751.0,88,26,26,92,2288,./img/img_ik2_262.jpg,751,726.0,25.0
0,ik2_261,261,763,751.0,80,23,23,84,1840,./img/img_ik2_261.jpg,751,751.0,0.0
0,ik2_260,260,859,751.0,80,27,27,84,2160,./img/img_ik2_260.jpg,751,751.0,0.0
0,ik2_258,258,484,753.0,53,27,29,57,1431,./img/img_ik2_258.jpg,753,751.0,2.0
0,ik2_257,257,550,753.0,91,23,23,95,2093,./img/img_ik2_257.jpg,753,753.0,0.0
0,ik2_237,237,499,805.0,51,22,22,55,1122,./img/img_ik2_237.jpg,806,753.0,52.0
0,ik2_235,235,563,805.0,79,23,23,83,1817,./img/img_ik2_235.jpg,806,805.0,0.0
0,ik2_240,240,722,805.0,257,23,23,261,5911,./img/img_ik2_240.jpg,805,805.0,0.0
0,ik2_250,250,853,810.0,13,10,12,17,130,./img/img_ik2_250.jpg,810,805.0,5.0
0,ik2_229,229,500,832.0,90,22,22,94,1980,./img/img_ik2_229.jpg,833,810.0,22.0
0,ik2_232,232,602,832.0,107,23,23,111,2461,./img/img_ik2_232.jpg,832,832.0,0.0
0,ik2_225,225,500,858.0,98,23,23,102,2254,./img/img_ik2_225.jpg,859,832.0,26.0
0,ik2_226,226,871,858.0,54,23,23,58,1242,./img/img_ik2_226.jpg,858,858.0,0.0
0,ik2_222,222,500,885.0,91,23,23,95,2093,./img/img_ik2_222.jpg,885,858.0,27.0
0,ik2_221,221,605,885.0,104,23,23,108,2392,./img/img_ik2_221.jpg,885,885.0,0.0
0,ik2_224,224,533,894.0,11,9,11,15,99,./img/img_ik2_224.jpg,894,885.0,9.0
0,ik2_217,217,501,911.0,103,23,23,107,2369,./img/img_ik2_217.jpg,911,894.0,17.0
0,ik2_213,213,617,911.0,67,23,23,71,1541,./img/img_ik2_213.jpg,911,911.0,0.0
0,ik2_208,208,528,937.0,64,23,23,68,1472,./img/img_ik2_208.jpg,937,911.0,26.0
0,ik2_207,207,698,937.0,53,22,22,57,1166,./img/img_ik2_207.jpg,938,937.0,0.0
0,ik2_206,206,871,937.0,53,22,22,57,1166,./img/img_ik2_206.jpg,938,937.0,0.0
0,ik2_205,205,618,943.0,12,13,17,16,156,./img/img_ik2_205.jpg,943,937.0,6.0
0,ik2_202,202,501,963.0,92,23,23,96,2116,./img/img_ik2_202.jpg,963,943.0,20.0
0,ik2_199,199,606,963.0,105,23,23,109,2415,./img/img_ik2_199.jpg,964,963.0,0.0
0,ik2_204,204,535,972.0,11,9,11,15,99,./img/img_ik2_204.jpg,972,963.0,9.0
0,ik2_194,194,501,989.0,130,23,23,134,2990,./img/img_ik2_194.jpg,989,972.0,17.0
0,ik2_193,193,872,991.0,51,22,22,55,1122,./img/img_ik2_193.jpg,991,989.0,2.0
0,ik2_184,184,555,1015.0,10,22,30,14,220,./img/img_ik2_184.jpg,1016,991.0,24.0
0,ik2_188,188,605,1015.0,107,48,48,111,5136,./img/img_ik2_188.jpg,1015,1015.0,0.0
0,ik2_190,190,606,1015.0,27,21,23,31,567,./img/img_ik2_190.jpg,1015,1015.0,0.0
0,ik2_185,185,685,1015.0,78,22,22,82,1716,./img/img_ik2_185.jpg,1015,1015.0,0.0
0,ik2_182,182,777,1015.0,40,22,24,44,880,./img/img_ik2_182.jpg,1017,1015.0,0.0
0,ik2_181,181,884,1015.0,65,22,22,69,1430,./img/img_ik2_181.jpg,1017,1015.0,0.0
0,ik2_180,180,580,1020.0,12,13,17,16,156,./img/img_ik2_180.jpg,1020,1015.0,5.0
0,ik2_174,174,499,1041.0,93,22,22,97,2046,./img/img_ik2_174.jpg,1041,1020.0,21.0
0,ik2_169,169,499,1066.0,53,22,22,57,1166,./img/img_ik2_169.jpg,1067,1041.0,25.0
0,ik2_172,172,565,1066.0,75,27,27,79,2025,./img/img_ik2_172.jpg,1066,1066.0,0.0
0,ik2_168,168,869,1069.0,53,23,23,57,1219,./img/img_ik2_168.jpg,1069,1066.0,3.0
0,ik2_163,163,551,1118.0,61,23,23,65,1403,./img/img_ik2_163.jpg,1118,1069.0,49.0
0,ik2_162,162,497,1120.0,39,22,24,43,858,./img/img_ik2_162.jpg,1120,1118.0,2.0
0,ik2_160,160,868,1120.0,54,22,22,58,1188,./img/img_ik2_160.jpg,1121,1120.0,0.0
0,ik2_157,157,497,1171.0,39,23,25,43,897,./img/img_ik2_157.jpg,1171,1120.0,51.0
0,ik2_156,156,870,1173.0,52,23,23,56,1196,./img/img_ik2_156.jpg,1173,1171.0,2.0
0,ik2_153,153,496,1225.0,61,23,23,65,1403,./img/img_ik2_153.jpg,1225,1173.0,52.0
0,ik2_152,152,868,1225.0,55,23,23,59,1265,./img/img_ik2_152.jpg,1226,1225.0,0.0
0,ik2_149,149,495,1278.0,60,23,23,64,1380,./img/img_ik2_149.jpg,1278,1225.0,53.0
0,ik2_146,146,572,1278.0,118,23,23,122,2714,./img/img_ik2_146.jpg,1278,1278.0,0.0
0,ik2_145,145,774,1278.0,14,22,28,18,308,./img/img_ik2_145.jpg,1279,1278.0,0.0
0,ik2_137,137,490,1333.0,27,23,25,31,621,./img/img_ik2_137.jpg,1333,1278.0,55.0
0,ik2_134,134,530,1333.0,53,23,23,57,1219,./img/img_ik2_134.jpg,1333,1333.0,0.0
0,ik2_133,133,814,1333.0,109,26,26,113,2834,./img/img_ik2_133.jpg,1333,1333.0,0.0
0,ik2_114,114,470,1415.0,96,24,24,100,2304,./img/img_ik2_114.jpg,1415,1333.0,82.0
0,ik2_113,113,580,1415.0,37,24,26,41,888,./img/img_ik2_113.jpg,1416,1415.0,0.0
0,ik2_108,108,720,1415.0,108,24,24,112,2592,./img/img_ik2_108.jpg,1416,1415.0,0.0
0,ik2_105,105,453,1472.0,55,25,25,59,1375,./img/img_ik2_105.jpg,1472,1415.0,57.0
0,ik2_103,103,578,1472.0,56,25,25,60,1400,./img/img_ik2_103.jpg,1472,1472.0,0.0
0,ik2_101,101,759,1472.0,69,23,23,73,1587,./img/img_ik2_101.jpg,1473,1472.0,0.0
0,ik2_98,98,855,1472.0,42,24,26,46,1008,./img/img_ik2_98.jpg,1473,1472.0,0.0
0,ik2_96,96,911,1472.0,70,24,24,74,1680,./img/img_ik2_96.jpg,1473,1472.0,0.0
0,ik2_89,89,454,1501.0,109,25,25,113,2725,./img/img_ik2_89.jpg,1501,1472.0,29.0
0,ik2_85,85,579,1501.0,108,25,25,112,2700,./img/img_ik2_85.jpg,1501,1501.0,0.0
0,ik2_84,84,703,1501.0,28,24,26,32,672,./img/img_ik2_84.jpg,1501,1501.0,0.0
0,ik2_82,82,801,1501.0,41,24,26,45,984,./img/img_ik2_82.jpg,1501,1501.0,0.0
0,ik2_80,80,870,1501.0,28,23,25,32,644,./img/img_ik2_80.jpg,1502,1501.0,0.0
0,ik2_77,77,983,1501.0,28,23,25,32,644,./img/img_ik2_77.jpg,1502,1501.0,0.0
0,ik2_91,91,543,1505.0,16,16,20,20,256,./img/img_ik2_91.jpg,1505,1501.0,4.0
0,ik2_74,74,450,1530.0,84,24,24,88,2016,./img/img_ik2_74.jpg,1530,1505.0,25.0
0,ik2_70,70,548,1530.0,38,25,27,42,950,./img/img_ik2_70.jpg,1530,1530.0,0.0
0,ik2_69,69,604,1530.0,97,25,25,101,2425,./img/img_ik2_69.jpg,1530,1530.0,0.0
0,ik2_67,67,720,1530.0,108,29,29,112,3132,./img/img_ik2_67.jpg,1530,1530.0,0.0
0,ik2_66,66,845,1530.0,81,27,27,85,2187,./img/img_ik2_66.jpg,1531,1530.0,0.0
0,ik2_65,65,940,1537.0,28,17,19,32,476,./img/img_ik2_65.jpg,1537,1530.0,7.0
0,ik2_72,72,555,1539.0,12,12,16,16,144,./img/img_ik2_72.jpg,1539,1537.0,2.0
0,ik2_71,71,570,1539.0,12,11,13,16,132,./img/img_ik2_71.jpg,1540,1539.0,0.0
0,ik2_68,68,725,1539.0,12,12,16,16,144,./img/img_ik2_68.jpg,1539,1539.0,0.0
0,ik2_63,63,449,1559.0,79,24,24,83,1896,./img/img_ik2_63.jpg,1559,1539.0,20.0
0,ik2_61,61,546,1559.0,128,25,25,132,3200,./img/img_ik2_61.jpg,1559,1559.0,0.0
0,ik2_60,60,688,1559.0,57,25,25,61,1425,./img/img_ik2_60.jpg,1559,1559.0,0.0
0,ik2_58,58,761,1559.0,110,25,25,114,2750,./img/img_ik2_58.jpg,1559,1559.0,0.0
0,ik2_56,56,448,1589.0,140,24,24,144,3360,./img/img_ik2_56.jpg,1589,1559.0,30.0
0,ik2_44,44,602,1589.0,56,21,21,60,1176,./img/img_ik2_44.jpg,1592,1589.0,0.0
0,ik2_55,55,673,1589.0,29,24,26,33,696,./img/img_ik2_55.jpg,1589,1589.0,0.0
0,ik2_52,52,717,1589.0,98,24,24,102,2352,./img/img_ik2_52.jpg,1589,1589.0,0.0
0,ik2_46,46,829,1589.0,28,22,24,32,616,./img/img_ik2_46.jpg,1591,1589.0,0.0
0,ik2_51,51,871,1589.0,42,25,27,46,1050,./img/img_ik2_51.jpg,1589,1589.0,0.0
0,ik2_48,48,927,1589.0,38,24,26,42,912,./img/img_ik2_48.jpg,1590,1589.0,0.0
0,ik2_47,47,974,1589.0,6,25,41,10,150,./img/img_ik2_47.jpg,1590,1589.0,0.0
0,ik2_36,36,447,1617.0,178,54,54,182,9612,./img/img_ik2_36.jpg,1618,1589.0,28.0
0,ik2_35,35,631,1617.0,42,25,27,46,1050,./img/img_ik2_35.jpg,1619,1617.0,0.0
0,ik2_42,42,687,1617.0,109,31,31,113,3379,./img/img_ik2_42.jpg,1617,1617.0,0.0
0,ik2_29,29,829,1617.0,114,29,29,118,3306,./img/img_ik2_29.jpg,1619,1617.0,0.0
0,ik2_28,28,589,1621.0,27,21,23,31,567,./img/img_ik2_28.jpg,1621,1617.0,4.0
0,ik2_26,26,801,1625.0,14,18,22,18,252,./img/img_ik2_26.jpg,1625,1621.0,4.0
0,ik2_38,38,553,1657.0,11,10,12,15,110,./img/img_ik2_38.jpg,1657,1625.0,32.0
0,ik2_19,19,610,1708.0,299,138,138,303,41262,./img/img_ik2_19.jpg,1708,1657.0,51.0
0,ik2_9,9,616,1841.0,14,19,23,18,266,./img/img_ik2_9.jpg,1841,1708.0,133.0
0,ik2_3,3,640,1841.0,242,25,25,246,6050,./img/img_ik2_3.jpg,1842,1841.0,0.0
0,ik2_2,2,894,1848.0,14,20,24,18,280,./img/img_ik2_2.jpg,1848,1841.0,7.0
